Total number of cylinders: 
2
Number of slices in each cylinder: 
50 50 
Cylinder  1:
Index, Center, Normal, Radius
1       -17.0730258819514589       -29.9129593176331063         0.0000000000000000         0.0000000000000000         0.0000000000000000         1.0000000000000000         4.0000000000000000
2       -17.1034003366489706       -29.4771462040654590         1.0000000000000000         0.0000000000000000         0.0000000000000000         1.0000000000000000         4.0000000000000000
3       -16.7303021501988276       -30.1748858778311657         2.0000000000000000         0.0000000000000000         0.0000000000000000         1.0000000000000000         4.0000000000000000
4       -16.7205677066269480       -29.9570471249838626         3.0000000000000000         0.0000000000000000         0.0000000000000000         1.0000000000000000         4.0000000000000000
5       -17.0854499578399590       -29.5799439271107971         4.0000000000000000         0.0000000000000000         0.0000000000000000         1.0000000000000000         4.0000000000000000
6       -16.7295317445504921       -29.7238630007973974         5.0000000000000000         0.0000000000000000         0.0000000000000000         1.0000000000000000         4.0000000000000000
7       -16.9207346038970066       -29.6715356882151440         6.0000000000000000         0.0000000000000000         0.0000000000000000         1.0000000000000000         4.0000000000000000
8       -16.8423955597179500       -29.4216750158991154         7.0000000000000000         0.0000000000000000         0.0000000000000000         1.0000000000000000         4.0000000000000000
9       -16.5785918395758110       -30.1260316525048601         8.0000000000000000         0.0000000000000000         0.0000000000000000         1.0000000000000000         4.0000000000000000
10       -16.6440008905132082       -29.6201201302424266         9.0000000000000000         0.0000000000000000         0.0000000000000000         1.0000000000000000         4.0000000000000000
11       -16.8069264355801558       -29.8456889605084577        10.0000000000000000         0.0000000000000000         0.0000000000000000         1.0000000000000000         4.0000000000000000
12       -17.2007912160781800       -30.0656117662888960        11.0000000000000000         0.0000000000000000         0.0000000000000000         1.0000000000000000         4.0000000000000000
13       -16.8455067394039801       -29.7766740323572314        12.0000000000000000         0.0000000000000000         0.0000000000000000         1.0000000000000000         4.0000000000000000
14       -16.4642676198972104       -29.8205305283123288        13.0000000000000000         0.0000000000000000         0.0000000000000000         1.0000000000000000         4.0000000000000000
15       -17.2401037102884338       -30.1106748303709892        14.0000000000000000         0.0000000000000000         0.0000000000000000         1.0000000000000000         4.0000000000000000
16       -16.9909446171149341       -29.7447793480226323        15.0000000000000000         0.0000000000000000         0.0000000000000000         1.0000000000000000         4.0000000000000000
17       -16.8986479973040389       -29.7342570009283307        16.0000000000000000         0.0000000000000000         0.0000000000000000         1.0000000000000000         4.0000000000000000
18       -16.4581630750947916       -30.1457768360537273        17.0000000000000000         0.0000000000000000         0.0000000000000000         1.0000000000000000         4.0000000000000000
19       -16.7461835249284547       -29.7002126870033010        18.0000000000000000         0.0000000000000000         0.0000000000000000         1.0000000000000000         4.0000000000000000
20       -17.1683173082577056       -29.7545319877790995        19.0000000000000000         0.0000000000000000         0.0000000000000000         1.0000000000000000         4.0000000000000000
21       -17.0516107768949468       -30.0004538681329720        20.0000000000000000         0.0000000000000000         0.0000000000000000         1.0000000000000000         4.0000000000000000
22       -16.6749234285729813       -29.8308616643586788        21.0000000000000000         0.0000000000000000         0.0000000000000000         1.0000000000000000         4.0000000000000000
23       -17.1310406742734358       -30.1046802048492310        22.0000000000000000         0.0000000000000000         0.0000000000000000         1.0000000000000000         4.0000000000000000
24       -16.9602151748455228       -29.8627470533065384        23.0000000000000000         0.0000000000000000         0.0000000000000000         1.0000000000000000         4.0000000000000000
25       -16.9463258784901676       -29.5511141487690310        24.0000000000000000         0.0000000000000000         0.0000000000000000         1.0000000000000000         4.0000000000000000
26       -16.5503447196840270       -29.5221095379598104        25.0000000000000000         0.0000000000000000         0.0000000000000000         1.0000000000000000         4.0000000000000000
27       -16.6887805911431428       -29.5292273329016339        26.0000000000000000         0.0000000000000000         0.0000000000000000         1.0000000000000000         4.0000000000000000
28       -17.1252272320503458       -29.9134697721966560        27.0000000000000000         0.0000000000000000         0.0000000000000000         1.0000000000000000         4.0000000000000000
29       -16.8012037125471032       -30.0619973006406482        28.0000000000000000         0.0000000000000000         0.0000000000000000         1.0000000000000000         4.0000000000000000
30       -16.6575070841305646       -29.4810696783554107        29.0000000000000000         0.0000000000000000         0.0000000000000000         1.0000000000000000         4.0000000000000000
31       -16.6232513674319300       -29.5648034499971963        30.0000000000000000         0.0000000000000000         0.0000000000000000         1.0000000000000000         4.0000000000000000
32       -16.7965719744522204       -29.7584026555377719        31.0000000000000000         0.0000000000000000         0.0000000000000000         1.0000000000000000         4.0000000000000000
33       -16.9228300544296104       -29.5482022761557843        32.0000000000000000         0.0000000000000000         0.0000000000000000         1.0000000000000000         4.0000000000000000
34       -16.5208125714889746       -29.4475005916940269        33.0000000000000000         0.0000000000000000         0.0000000000000000         1.0000000000000000         4.0000000000000000
35       -16.9592446982461915       -29.8138110093373001        34.0000000000000000         0.0000000000000000         0.0000000000000000         1.0000000000000000         4.0000000000000000
36       -17.1887457982891441       -29.6243295946975955        35.0000000000000000         0.0000000000000000         0.0000000000000000         1.0000000000000000         4.0000000000000000
37       -16.7853830896717575       -29.9700756500659935        36.0000000000000000         0.0000000000000000         0.0000000000000000         1.0000000000000000         4.0000000000000000
38       -17.1486811779357637       -30.1787259741385228        37.0000000000000000         0.0000000000000000         0.0000000000000000         1.0000000000000000         4.0000000000000000
39       -16.7478771098981696       -29.8116877360306418        38.0000000000000000         0.0000000000000000         0.0000000000000000         1.0000000000000000         4.0000000000000000
40       -16.9109763072682533       -30.0545315473993959        39.0000000000000000         0.0000000000000000         0.0000000000000000         1.0000000000000000         4.0000000000000000
41       -16.7026299524711774       -29.8630875480212410        40.0000000000000000         0.0000000000000000         0.0000000000000000         1.0000000000000000         4.0000000000000000
42       -17.0372096019635393       -30.1248589768570127        41.0000000000000000         0.0000000000000000         0.0000000000000000         1.0000000000000000         4.0000000000000000
43       -17.2112027876578146       -29.5315264183467292        42.0000000000000000         0.0000000000000000         0.0000000000000000         1.0000000000000000         4.0000000000000000
44       -17.1713848291406386       -30.0736916448559128        43.0000000000000000         0.0000000000000000         0.0000000000000000         1.0000000000000000         4.0000000000000000
45       -16.7760175385460180       -30.2175265515044842        44.0000000000000000         0.0000000000000000         0.0000000000000000         1.0000000000000000         4.0000000000000000
46       -16.9264918168223879       -30.1532121277131999        45.0000000000000000         0.0000000000000000         0.0000000000000000         1.0000000000000000         4.0000000000000000
47       -16.6045457222667459       -29.7533741071835074        46.0000000000000000         0.0000000000000000         0.0000000000000000         1.0000000000000000         4.0000000000000000
48       -17.0827588006926661       -29.4244618300346161        47.0000000000000000         0.0000000000000000         0.0000000000000000         1.0000000000000000         4.0000000000000000
49       -16.5956230914091591       -29.6971794808311635        48.0000000000000000         0.0000000000000000         0.0000000000000000         1.0000000000000000         4.0000000000000000
50       -17.0354145486855693       -30.0517051534753037        49.0000000000000000         0.0000000000000000         0.0000000000000000         1.0000000000000000         4.0000000000000000
51       -16.5586112765242746       -29.7858179710149322        50.0000000000000000         0.0000000000000000         0.0000000000000000         1.0000000000000000         4.0000000000000000
Cylinder  2:
Index, Center, Normal, Radius
1       -17.0831416415495454       -38.4262805963340099         0.0000000000000000         0.0000000000000000         0.0000000000000000         1.0000000000000000         3.6221632472670140
2       -17.6316163801757178       -38.3000693316593441         1.0000000000000000         0.0000000000000000         0.0000000000000000         1.0000000000000000         3.6221632472670140
3       -17.4613765873345166       -38.4672201521871386         2.0000000000000000         0.0000000000000000         0.0000000000000000         1.0000000000000000         3.6221632472670140
4       -17.2917095095570410       -38.4785932556576498         3.0000000000000000         0.0000000000000000         0.0000000000000000         1.0000000000000000         3.6221632472670140
5       -17.3419308977590312       -38.5385871505980404         4.0000000000000000         0.0000000000000000         0.0000000000000000         1.0000000000000000         3.6221632472670140
6       -17.7866357660517949       -38.2627792871635108         5.0000000000000000         0.0000000000000000         0.0000000000000000         1.0000000000000000         3.6221632472670140
7       -17.1281172118014133       -37.9347466783282385         6.0000000000000000         0.0000000000000000         0.0000000000000000         1.0000000000000000         3.6221632472670140
8       -17.3893813524974803       -38.0940202836750785         7.0000000000000000         0.0000000000000000         0.0000000000000000         1.0000000000000000         3.6221632472670140
9       -17.1142061762273983       -38.5198370238495968         8.0000000000000000         0.0000000000000000         0.0000000000000000         1.0000000000000000         3.6221632472670140
10       -17.1000651769911940       -38.2767797052965548         9.0000000000000000         0.0000000000000000         0.0000000000000000         1.0000000000000000         3.6221632472670140
11       -17.7739557255578582       -38.5132153863275590        10.0000000000000000         0.0000000000000000         0.0000000000000000         1.0000000000000000         3.6221632472670140
12       -17.0740572417732785       -38.2703610041690752        11.0000000000000000         0.0000000000000000         0.0000000000000000         1.0000000000000000         3.6221632472670140
13       -17.2484345453446011       -38.5478150604742780        12.0000000000000000         0.0000000000000000         0.0000000000000000         1.0000000000000000         3.6221632472670140
14       -17.0920846156259429       -38.3936269849028236        13.0000000000000000         0.0000000000000000         0.0000000000000000         1.0000000000000000         3.6221632472670140
15       -17.3857413896527468       -38.6040347566584643        14.0000000000000000         0.0000000000000000         0.0000000000000000         1.0000000000000000         3.6221632472670140
16       -17.8148307560306343       -38.2108363863408300        15.0000000000000000         0.0000000000000000         0.0000000000000000         1.0000000000000000         3.6221632472670140
17       -17.7504454868953196       -38.7403843236122327        16.0000000000000000         0.0000000000000000         0.0000000000000000         1.0000000000000000         3.6221632472670140
18       -17.4168058007230506       -38.0927896241926405        17.0000000000000000         0.0000000000000000         0.0000000000000000         1.0000000000000000         3.6221632472670140
19       -17.4401337660111331       -38.5012175410181925        18.0000000000000000         0.0000000000000000         0.0000000000000000         1.0000000000000000         3.6221632472670140
20       -17.4078194756821389       -37.9298706870689273        19.0000000000000000         0.0000000000000000         0.0000000000000000         1.0000000000000000         3.6221632472670140
21       -17.3377807566641096       -38.3299470083500751        20.0000000000000000         0.0000000000000000         0.0000000000000000         1.0000000000000000         3.6221632472670140
22       -17.3901210712561145       -38.3357042930746346        21.0000000000000000         0.0000000000000000         0.0000000000000000         1.0000000000000000         3.6221632472670140
23       -17.2349611596446266       -38.2443313816293227        22.0000000000000000         0.0000000000000000         0.0000000000000000         1.0000000000000000         3.6221632472670140
24       -17.4145038339917662       -38.0388663429606524        23.0000000000000000         0.0000000000000000         0.0000000000000000         1.0000000000000000         3.6221632472670140
25       -17.8560666866835263       -38.3948342341601148        24.0000000000000000         0.0000000000000000         0.0000000000000000         1.0000000000000000         3.6221632472670140
26       -17.4749932038887188       -37.9987719916222346        25.0000000000000000         0.0000000000000000         0.0000000000000000         1.0000000000000000         3.6221632472670140
27       -17.0927015742046287       -38.1667517353750512        26.0000000000000000         0.0000000000000000         0.0000000000000000         1.0000000000000000         3.6221632472670140
28       -17.0963512743172465       -38.5759892346107662        27.0000000000000000         0.0000000000000000         0.0000000000000000         1.0000000000000000         3.6221632472670140
29       -17.3332353832211474       -38.7256726887959672        28.0000000000000000         0.0000000000000000         0.0000000000000000         1.0000000000000000         3.6221632472670140
30       -17.3046014313267342       -38.1266289894454999        29.0000000000000000         0.0000000000000000         0.0000000000000000         1.0000000000000000         3.6221632472670140
31       -17.4941671521688278       -38.0067288942292976        30.0000000000000000         0.0000000000000000         0.0000000000000000         1.0000000000000000         3.6221632472670140
32       -17.3908640504578713       -38.2552145607201624        31.0000000000000000         0.0000000000000000         0.0000000000000000         1.0000000000000000         3.6221632472670140
33       -17.0654120709479074       -38.5351255778575492        32.0000000000000000         0.0000000000000000         0.0000000000000000         1.0000000000000000         3.6221632472670140
34       -17.7560123246028780       -38.7288863714138714        33.0000000000000000         0.0000000000000000         0.0000000000000000         1.0000000000000000         3.6221632472670140
35       -17.3272094702454140       -38.4573452522447923        34.0000000000000000         0.0000000000000000         0.0000000000000000         1.0000000000000000         3.6221632472670140
36       -17.7778088996482495       -38.4954209012327127        35.0000000000000000         0.0000000000000000         0.0000000000000000         1.0000000000000000         3.6221632472670140
37       -17.1355978242844564       -37.9935812474325090        36.0000000000000000         0.0000000000000000         0.0000000000000000         1.0000000000000000         3.6221632472670140
38       -17.4564215034531571       -38.0747522182949822        37.0000000000000000         0.0000000000000000         0.0000000000000000         1.0000000000000000         3.6221632472670140
39       -17.5014625065515688       -38.6659500656233135        38.0000000000000000         0.0000000000000000         0.0000000000000000         1.0000000000000000         3.6221632472670140
40       -17.2672697875669243       -37.9494427907282628        39.0000000000000000         0.0000000000000000         0.0000000000000000         1.0000000000000000         3.6221632472670140
41       -17.6211520778160953       -38.5069430578019762        40.0000000000000000         0.0000000000000000         0.0000000000000000         1.0000000000000000         3.6221632472670140
42       -17.3246569351676172       -38.3053914704537206        41.0000000000000000         0.0000000000000000         0.0000000000000000         1.0000000000000000         3.6221632472670140
43       -17.4980018722744468       -38.6575911823008553        42.0000000000000000         0.0000000000000000         0.0000000000000000         1.0000000000000000         3.6221632472670140
44       -17.2973513325773212       -38.5596004350385044        43.0000000000000000         0.0000000000000000         0.0000000000000000         1.0000000000000000         3.6221632472670140
45       -17.7694595546765086       -37.9951323205791027        44.0000000000000000         0.0000000000000000         0.0000000000000000         1.0000000000000000         3.6221632472670140
46       -17.5612383565355330       -38.5987967133846865        45.0000000000000000         0.0000000000000000         0.0000000000000000         1.0000000000000000         3.6221632472670140
47       -17.7032523230155761       -38.4105143799370765        46.0000000000000000         0.0000000000000000         0.0000000000000000         1.0000000000000000         3.6221632472670140
48       -17.2535204248943863       -38.4246334826363096        47.0000000000000000         0.0000000000000000         0.0000000000000000         1.0000000000000000         3.6221632472670140
49       -17.2953515864642888       -38.5665112314903880        48.0000000000000000         0.0000000000000000         0.0000000000000000         1.0000000000000000         3.6221632472670140
50       -17.5616945608999231       -38.2864366204697149        49.0000000000000000         0.0000000000000000         0.0000000000000000         1.0000000000000000         3.6221632472670140
51       -17.8016912401010394       -38.3529513579522998        50.0000000000000000         0.0000000000000000         0.0000000000000000         1.0000000000000000         3.6221632472670140
