Total number of cylinders: 
4
Number of slices in each cylinder: 
80 80 80 80 
Cylinder  1:
Index, Center, Normal, Radius
1         0.1083226367092180         0.6734061510105382       -20.0000000000000000         0.0000000000000000         0.0000000000000000         1.0000000000000000         2.0000000000000000
2         0.1083226367092180         0.6734061510105382       -19.5000000000000000         0.0000000000000000         0.0000000000000000         1.0000000000000000         2.0000000000000000
3         0.1083226367092180         0.6734061510105382       -19.0000000000000000         0.0000000000000000         0.0000000000000000         1.0000000000000000         2.0000000000000000
4         0.1083226367092180         0.6734061510105382       -18.5000000000000000         0.0000000000000000         0.0000000000000000         1.0000000000000000         2.0000000000000000
5         0.1083226367092180         0.6734061510105382       -18.0000000000000000         0.0000000000000000         0.0000000000000000         1.0000000000000000         2.0000000000000000
6         0.1083226367092180         0.6734061510105382       -17.5000000000000000         0.0000000000000000         0.0000000000000000         1.0000000000000000         2.0000000000000000
7         0.1083226367092180         0.6734061510105382       -17.0000000000000000         0.0000000000000000         0.0000000000000000         1.0000000000000000         2.0000000000000000
8         0.1083226367092180         0.6734061510105382       -16.5000000000000000         0.0000000000000000         0.0000000000000000         1.0000000000000000         2.0000000000000000
9         0.1083226367092180         0.6734061510105382       -16.0000000000000000         0.0000000000000000         0.0000000000000000         1.0000000000000000         2.0000000000000000
10         0.1083226367092180         0.6734061510105382       -15.5000000000000000         0.0000000000000000         0.0000000000000000         1.0000000000000000         2.0000000000000000
11         0.1083226367092180         0.6734061510105382       -15.0000000000000000         0.0000000000000000         0.0000000000000000         1.0000000000000000         2.0000000000000000
12         0.1083226367092180         0.6734061510105382       -14.5000000000000000         0.0000000000000000         0.0000000000000000         1.0000000000000000         2.0000000000000000
13         0.1083226367092180         0.6734061510105382       -14.0000000000000000         0.0000000000000000         0.0000000000000000         1.0000000000000000         2.0000000000000000
14         0.1083226367092180         0.6734061510105382       -13.5000000000000000         0.0000000000000000         0.0000000000000000         1.0000000000000000         2.0000000000000000
15         0.1083226367092180         0.6734061510105382       -13.0000000000000000         0.0000000000000000         0.0000000000000000         1.0000000000000000         2.0000000000000000
16         0.1083226367092180         0.6734061510105382       -12.5000000000000000         0.0000000000000000         0.0000000000000000         1.0000000000000000         2.0000000000000000
17         0.1083226367092180         0.6734061510105382       -12.0000000000000000         0.0000000000000000         0.0000000000000000         1.0000000000000000         2.0000000000000000
18         0.1083226367092180         0.6734061510105382       -11.5000000000000000         0.0000000000000000         0.0000000000000000         1.0000000000000000         2.0000000000000000
19         0.1083226367092180         0.6734061510105382       -11.0000000000000000         0.0000000000000000         0.0000000000000000         1.0000000000000000         2.0000000000000000
20         0.1083226367092180         0.6734061510105382       -10.5000000000000000         0.0000000000000000         0.0000000000000000         1.0000000000000000         2.0000000000000000
21         0.1083226367092180         0.6734061510105382       -10.0000000000000000         0.0000000000000000         0.0000000000000000         1.0000000000000000         2.0000000000000000
22         0.1083226367092180         0.6734061510105382        -9.5000000000000000         0.0000000000000000         0.0000000000000000         1.0000000000000000         2.0000000000000000
23         0.1083226367092180         0.6734061510105382        -9.0000000000000000         0.0000000000000000         0.0000000000000000         1.0000000000000000         2.0000000000000000
24         0.1083226367092180         0.6734061510105382        -8.5000000000000000         0.0000000000000000         0.0000000000000000         1.0000000000000000         2.0000000000000000
25         0.1083226367092180         0.6734061510105382        -8.0000000000000000         0.0000000000000000         0.0000000000000000         1.0000000000000000         2.0000000000000000
26         0.1083226367092180         0.6734061510105382        -7.5000000000000000         0.0000000000000000         0.0000000000000000         1.0000000000000000         2.0000000000000000
27         0.1083226367092180         0.6734061510105382        -7.0000000000000000         0.0000000000000000         0.0000000000000000         1.0000000000000000         2.0000000000000000
28         0.1083226367092180         0.6734061510105382        -6.5000000000000000         0.0000000000000000         0.0000000000000000         1.0000000000000000         2.0000000000000000
29         0.1083226367092180         0.6734061510105382        -6.0000000000000000         0.0000000000000000         0.0000000000000000         1.0000000000000000         2.0000000000000000
30         0.1083226367092180         0.6734061510105382        -5.5000000000000000         0.0000000000000000         0.0000000000000000         1.0000000000000000         2.0000000000000000
31         0.1083226367092180         0.6734061510105382        -5.0000000000000000         0.0000000000000000         0.0000000000000000         1.0000000000000000         2.0000000000000000
32         0.1083226367092180         0.6734061510105382        -4.5000000000000000         0.0000000000000000         0.0000000000000000         1.0000000000000000         2.0000000000000000
33         0.1083226367092180         0.6734061510105382        -4.0000000000000000         0.0000000000000000         0.0000000000000000         1.0000000000000000         2.0000000000000000
34         0.1083226367092180         0.6734061510105382        -3.5000000000000000         0.0000000000000000         0.0000000000000000         1.0000000000000000         2.0000000000000000
35         0.1083226367092180         0.6734061510105382        -3.0000000000000000         0.0000000000000000         0.0000000000000000         1.0000000000000000         2.0000000000000000
36         0.1083226367092180         0.6734061510105382        -2.5000000000000000         0.0000000000000000         0.0000000000000000         1.0000000000000000         2.0000000000000000
37         0.1083226367092180         0.6734061510105382        -2.0000000000000000         0.0000000000000000         0.0000000000000000         1.0000000000000000         2.0000000000000000
38         0.1083226367092180         0.6734061510105382        -1.5000000000000000         0.0000000000000000         0.0000000000000000         1.0000000000000000         2.0000000000000000
39         0.1083226367092180         0.6734061510105382        -1.0000000000000000         0.0000000000000000         0.0000000000000000         1.0000000000000000         2.0000000000000000
40         0.1083226367092180         0.6734061510105382        -0.5000000000000000         0.0000000000000000         0.0000000000000000         1.0000000000000000         2.0000000000000000
41         0.1083226367092180         0.6734061510105382         0.0000000000000000         0.0000000000000000         0.0000000000000000         1.0000000000000000         2.0000000000000000
42         0.1083226367092180         0.6734061510105382         0.5000000000000000         0.0000000000000000         0.0000000000000000         1.0000000000000000         2.0000000000000000
43         0.1083226367092180         0.6734061510105382         1.0000000000000000         0.0000000000000000         0.0000000000000000         1.0000000000000000         2.0000000000000000
44         0.1083226367092180         0.6734061510105382         1.5000000000000000         0.0000000000000000         0.0000000000000000         1.0000000000000000         2.0000000000000000
45         0.1083226367092180         0.6734061510105382         2.0000000000000000         0.0000000000000000         0.0000000000000000         1.0000000000000000         2.0000000000000000
46         0.1083226367092180         0.6734061510105382         2.5000000000000000         0.0000000000000000         0.0000000000000000         1.0000000000000000         2.0000000000000000
47         0.1083226367092180         0.6734061510105382         3.0000000000000000         0.0000000000000000         0.0000000000000000         1.0000000000000000         2.0000000000000000
48         0.1083226367092180         0.6734061510105382         3.5000000000000000         0.0000000000000000         0.0000000000000000         1.0000000000000000         2.0000000000000000
49         0.1083226367092180         0.6734061510105382         4.0000000000000000         0.0000000000000000         0.0000000000000000         1.0000000000000000         2.0000000000000000
50         0.1083226367092180         0.6734061510105382         4.5000000000000000         0.0000000000000000         0.0000000000000000         1.0000000000000000         2.0000000000000000
51         0.1083226367092180         0.6734061510105382         5.0000000000000000         0.0000000000000000         0.0000000000000000         1.0000000000000000         2.0000000000000000
52         0.1083226367092180         0.6734061510105382         5.5000000000000000         0.0000000000000000         0.0000000000000000         1.0000000000000000         2.0000000000000000
53         0.1083226367092180         0.6734061510105382         6.0000000000000000         0.0000000000000000         0.0000000000000000         1.0000000000000000         2.0000000000000000
54         0.1083226367092180         0.6734061510105382         6.5000000000000000         0.0000000000000000         0.0000000000000000         1.0000000000000000         2.0000000000000000
55         0.1083226367092180         0.6734061510105382         7.0000000000000000         0.0000000000000000         0.0000000000000000         1.0000000000000000         2.0000000000000000
56         0.1083226367092180         0.6734061510105382         7.5000000000000000         0.0000000000000000         0.0000000000000000         1.0000000000000000         2.0000000000000000
57         0.1083226367092180         0.6734061510105382         8.0000000000000000         0.0000000000000000         0.0000000000000000         1.0000000000000000         2.0000000000000000
58         0.1083226367092180         0.6734061510105382         8.5000000000000000         0.0000000000000000         0.0000000000000000         1.0000000000000000         2.0000000000000000
59         0.1083226367092180         0.6734061510105382         9.0000000000000000         0.0000000000000000         0.0000000000000000         1.0000000000000000         2.0000000000000000
60         0.1083226367092180         0.6734061510105382         9.5000000000000000         0.0000000000000000         0.0000000000000000         1.0000000000000000         2.0000000000000000
61         0.1083226367092180         0.6734061510105382        10.0000000000000000         0.0000000000000000         0.0000000000000000         1.0000000000000000         2.0000000000000000
62         0.1083226367092180         0.6734061510105382        10.5000000000000000         0.0000000000000000         0.0000000000000000         1.0000000000000000         2.0000000000000000
63         0.1083226367092180         0.6734061510105382        11.0000000000000000         0.0000000000000000         0.0000000000000000         1.0000000000000000         2.0000000000000000
64         0.1083226367092180         0.6734061510105382        11.5000000000000000         0.0000000000000000         0.0000000000000000         1.0000000000000000         2.0000000000000000
65         0.1083226367092180         0.6734061510105382        12.0000000000000000         0.0000000000000000         0.0000000000000000         1.0000000000000000         2.0000000000000000
66         0.1083226367092180         0.6734061510105382        12.5000000000000000         0.0000000000000000         0.0000000000000000         1.0000000000000000         2.0000000000000000
67         0.1083226367092180         0.6734061510105382        13.0000000000000000         0.0000000000000000         0.0000000000000000         1.0000000000000000         2.0000000000000000
68         0.1083226367092180         0.6734061510105382        13.5000000000000000         0.0000000000000000         0.0000000000000000         1.0000000000000000         2.0000000000000000
69         0.1083226367092180         0.6734061510105382        14.0000000000000000         0.0000000000000000         0.0000000000000000         1.0000000000000000         2.0000000000000000
70         0.1083226367092180         0.6734061510105382        14.5000000000000000         0.0000000000000000         0.0000000000000000         1.0000000000000000         2.0000000000000000
71         0.1083226367092180         0.6734061510105382        15.0000000000000000         0.0000000000000000         0.0000000000000000         1.0000000000000000         2.0000000000000000
72         0.1083226367092180         0.6734061510105382        15.5000000000000000         0.0000000000000000         0.0000000000000000         1.0000000000000000         2.0000000000000000
73         0.1083226367092180         0.6734061510105382        16.0000000000000000         0.0000000000000000         0.0000000000000000         1.0000000000000000         2.0000000000000000
74         0.1083226367092180         0.6734061510105382        16.5000000000000000         0.0000000000000000         0.0000000000000000         1.0000000000000000         2.0000000000000000
75         0.1083226367092180         0.6734061510105382        17.0000000000000000         0.0000000000000000         0.0000000000000000         1.0000000000000000         2.0000000000000000
76         0.1083226367092180         0.6734061510105382        17.5000000000000000         0.0000000000000000         0.0000000000000000         1.0000000000000000         2.0000000000000000
77         0.1083226367092180         0.6734061510105382        18.0000000000000000         0.0000000000000000         0.0000000000000000         1.0000000000000000         2.0000000000000000
78         0.1083226367092180         0.6734061510105382        18.5000000000000000         0.0000000000000000         0.0000000000000000         1.0000000000000000         2.0000000000000000
79         0.1083226367092180         0.6734061510105382        19.0000000000000000         0.0000000000000000         0.0000000000000000         1.0000000000000000         2.0000000000000000
80         0.1083226367092180         0.6734061510105382        19.5000000000000000         0.0000000000000000         0.0000000000000000         1.0000000000000000         2.0000000000000000
81         0.1083226367092180         0.6734061510105382        20.0000000000000000         0.0000000000000000         0.0000000000000000         1.0000000000000000         2.0000000000000000
Cylinder  2:
Index, Center, Normal, Radius
1         2.5913287828625560         3.5420948273617947       -20.0000000000000000         0.0000000000000000         0.0000000000000000         1.0000000000000000         1.6146306297117339
2         2.5913287828625560         3.5420948273617947       -19.5000000000000000         0.0000000000000000         0.0000000000000000         1.0000000000000000         1.6146306297117339
3         2.5913287828625560         3.5420948273617947       -19.0000000000000000         0.0000000000000000         0.0000000000000000         1.0000000000000000         1.6146306297117339
4         2.5913287828625560         3.5420948273617947       -18.5000000000000000         0.0000000000000000         0.0000000000000000         1.0000000000000000         1.6146306297117339
5         2.5913287828625560         3.5420948273617947       -18.0000000000000000         0.0000000000000000         0.0000000000000000         1.0000000000000000         1.6146306297117339
6         2.5913287828625560         3.5420948273617947       -17.5000000000000000         0.0000000000000000         0.0000000000000000         1.0000000000000000         1.6146306297117339
7         2.5913287828625560         3.5420948273617947       -17.0000000000000000         0.0000000000000000         0.0000000000000000         1.0000000000000000         1.6146306297117339
8         2.5913287828625560         3.5420948273617947       -16.5000000000000000         0.0000000000000000         0.0000000000000000         1.0000000000000000         1.6146306297117339
9         2.5913287828625560         3.5420948273617947       -16.0000000000000000         0.0000000000000000         0.0000000000000000         1.0000000000000000         1.6146306297117339
10         2.5913287828625560         3.5420948273617947       -15.5000000000000000         0.0000000000000000         0.0000000000000000         1.0000000000000000         1.6146306297117339
11         2.5913287828625560         3.5420948273617947       -15.0000000000000000         0.0000000000000000         0.0000000000000000         1.0000000000000000         1.6146306297117339
12         2.5913287828625560         3.5420948273617947       -14.5000000000000000         0.0000000000000000         0.0000000000000000         1.0000000000000000         1.6146306297117339
13         2.5913287828625560         3.5420948273617947       -14.0000000000000000         0.0000000000000000         0.0000000000000000         1.0000000000000000         1.6146306297117339
14         2.5913287828625560         3.5420948273617947       -13.5000000000000000         0.0000000000000000         0.0000000000000000         1.0000000000000000         1.6146306297117339
15         2.5913287828625560         3.5420948273617947       -13.0000000000000000         0.0000000000000000         0.0000000000000000         1.0000000000000000         1.6146306297117339
16         2.5913287828625560         3.5420948273617947       -12.5000000000000000         0.0000000000000000         0.0000000000000000         1.0000000000000000         1.6146306297117339
17         2.5913287828625560         3.5420948273617947       -12.0000000000000000         0.0000000000000000         0.0000000000000000         1.0000000000000000         1.6146306297117339
18         2.5913287828625560         3.5420948273617947       -11.5000000000000000         0.0000000000000000         0.0000000000000000         1.0000000000000000         1.6146306297117339
19         2.5913287828625560         3.5420948273617947       -11.0000000000000000         0.0000000000000000         0.0000000000000000         1.0000000000000000         1.6146306297117339
20         2.5913287828625560         3.5420948273617947       -10.5000000000000000         0.0000000000000000         0.0000000000000000         1.0000000000000000         1.6146306297117339
21         2.5913287828625560         3.5420948273617947       -10.0000000000000000         0.0000000000000000         0.0000000000000000         1.0000000000000000         1.6146306297117339
22         2.5913287828625560         3.5420948273617947        -9.5000000000000000         0.0000000000000000         0.0000000000000000         1.0000000000000000         1.6146306297117339
23         2.5913287828625560         3.5420948273617947        -9.0000000000000000         0.0000000000000000         0.0000000000000000         1.0000000000000000         1.6146306297117339
24         2.5913287828625560         3.5420948273617947        -8.5000000000000000         0.0000000000000000         0.0000000000000000         1.0000000000000000         1.6146306297117339
25         2.5913287828625560         3.5420948273617947        -8.0000000000000000         0.0000000000000000         0.0000000000000000         1.0000000000000000         1.6146306297117339
26         2.5913287828625560         3.5420948273617947        -7.5000000000000000         0.0000000000000000         0.0000000000000000         1.0000000000000000         1.6146306297117339
27         2.5913287828625560         3.5420948273617947        -7.0000000000000000         0.0000000000000000         0.0000000000000000         1.0000000000000000         1.6146306297117339
28         2.5913287828625560         3.5420948273617947        -6.5000000000000000         0.0000000000000000         0.0000000000000000         1.0000000000000000         1.6146306297117339
29         2.5913287828625560         3.5420948273617947        -6.0000000000000000         0.0000000000000000         0.0000000000000000         1.0000000000000000         1.6146306297117339
30         2.5913287828625560         3.5420948273617947        -5.5000000000000000         0.0000000000000000         0.0000000000000000         1.0000000000000000         1.6146306297117339
31         2.5913287828625560         3.5420948273617947        -5.0000000000000000         0.0000000000000000         0.0000000000000000         1.0000000000000000         1.6146306297117339
32         2.5913287828625560         3.5420948273617947        -4.5000000000000000         0.0000000000000000         0.0000000000000000         1.0000000000000000         1.6146306297117339
33         2.5913287828625560         3.5420948273617947        -4.0000000000000000         0.0000000000000000         0.0000000000000000         1.0000000000000000         1.6146306297117339
34         2.5913287828625560         3.5420948273617947        -3.5000000000000000         0.0000000000000000         0.0000000000000000         1.0000000000000000         1.6146306297117339
35         2.5913287828625560         3.5420948273617947        -3.0000000000000000         0.0000000000000000         0.0000000000000000         1.0000000000000000         1.6146306297117339
36         2.5913287828625560         3.5420948273617947        -2.5000000000000000         0.0000000000000000         0.0000000000000000         1.0000000000000000         1.6146306297117339
37         2.5913287828625560         3.5420948273617947        -2.0000000000000000         0.0000000000000000         0.0000000000000000         1.0000000000000000         1.6146306297117339
38         2.5913287828625560         3.5420948273617947        -1.5000000000000000         0.0000000000000000         0.0000000000000000         1.0000000000000000         1.6146306297117339
39         2.5913287828625560         3.5420948273617947        -1.0000000000000000         0.0000000000000000         0.0000000000000000         1.0000000000000000         1.6146306297117339
40         2.5913287828625560         3.5420948273617947        -0.5000000000000000         0.0000000000000000         0.0000000000000000         1.0000000000000000         1.6146306297117339
41         2.5913287828625560         3.5420948273617947         0.0000000000000000         0.0000000000000000         0.0000000000000000         1.0000000000000000         1.6146306297117339
42         2.5913287828625560         3.5420948273617947         0.5000000000000000         0.0000000000000000         0.0000000000000000         1.0000000000000000         1.6146306297117339
43         2.5913287828625560         3.5420948273617947         1.0000000000000000         0.0000000000000000         0.0000000000000000         1.0000000000000000         1.6146306297117339
44         2.5913287828625560         3.5420948273617947         1.5000000000000000         0.0000000000000000         0.0000000000000000         1.0000000000000000         1.6146306297117339
45         2.5913287828625560         3.5420948273617947         2.0000000000000000         0.0000000000000000         0.0000000000000000         1.0000000000000000         1.6146306297117339
46         2.5913287828625560         3.5420948273617947         2.5000000000000000         0.0000000000000000         0.0000000000000000         1.0000000000000000         1.6146306297117339
47         2.5913287828625560         3.5420948273617947         3.0000000000000000         0.0000000000000000         0.0000000000000000         1.0000000000000000         1.6146306297117339
48         2.5913287828625560         3.5420948273617947         3.5000000000000000         0.0000000000000000         0.0000000000000000         1.0000000000000000         1.6146306297117339
49         2.5913287828625560         3.5420948273617947         4.0000000000000000         0.0000000000000000         0.0000000000000000         1.0000000000000000         1.6146306297117339
50         2.5913287828625560         3.5420948273617947         4.5000000000000000         0.0000000000000000         0.0000000000000000         1.0000000000000000         1.6146306297117339
51         2.5913287828625560         3.5420948273617947         5.0000000000000000         0.0000000000000000         0.0000000000000000         1.0000000000000000         1.6146306297117339
52         2.5913287828625560         3.5420948273617947         5.5000000000000000         0.0000000000000000         0.0000000000000000         1.0000000000000000         1.6146306297117339
53         2.5913287828625560         3.5420948273617947         6.0000000000000000         0.0000000000000000         0.0000000000000000         1.0000000000000000         1.6146306297117339
54         2.5913287828625560         3.5420948273617947         6.5000000000000000         0.0000000000000000         0.0000000000000000         1.0000000000000000         1.6146306297117339
55         2.5913287828625560         3.5420948273617947         7.0000000000000000         0.0000000000000000         0.0000000000000000         1.0000000000000000         1.6146306297117339
56         2.5913287828625560         3.5420948273617947         7.5000000000000000         0.0000000000000000         0.0000000000000000         1.0000000000000000         1.6146306297117339
57         2.5913287828625560         3.5420948273617947         8.0000000000000000         0.0000000000000000         0.0000000000000000         1.0000000000000000         1.6146306297117339
58         2.5913287828625560         3.5420948273617947         8.5000000000000000         0.0000000000000000         0.0000000000000000         1.0000000000000000         1.6146306297117339
59         2.5913287828625560         3.5420948273617947         9.0000000000000000         0.0000000000000000         0.0000000000000000         1.0000000000000000         1.6146306297117339
60         2.5913287828625560         3.5420948273617947         9.5000000000000000         0.0000000000000000         0.0000000000000000         1.0000000000000000         1.6146306297117339
61         2.5913287828625560         3.5420948273617947        10.0000000000000000         0.0000000000000000         0.0000000000000000         1.0000000000000000         1.6146306297117339
62         2.5913287828625560         3.5420948273617947        10.5000000000000000         0.0000000000000000         0.0000000000000000         1.0000000000000000         1.6146306297117339
63         2.5913287828625560         3.5420948273617947        11.0000000000000000         0.0000000000000000         0.0000000000000000         1.0000000000000000         1.6146306297117339
64         2.5913287828625560         3.5420948273617947        11.5000000000000000         0.0000000000000000         0.0000000000000000         1.0000000000000000         1.6146306297117339
65         2.5913287828625560         3.5420948273617947        12.0000000000000000         0.0000000000000000         0.0000000000000000         1.0000000000000000         1.6146306297117339
66         2.5913287828625560         3.5420948273617947        12.5000000000000000         0.0000000000000000         0.0000000000000000         1.0000000000000000         1.6146306297117339
67         2.5913287828625560         3.5420948273617947        13.0000000000000000         0.0000000000000000         0.0000000000000000         1.0000000000000000         1.6146306297117339
68         2.5913287828625560         3.5420948273617947        13.5000000000000000         0.0000000000000000         0.0000000000000000         1.0000000000000000         1.6146306297117339
69         2.5913287828625560         3.5420948273617947        14.0000000000000000         0.0000000000000000         0.0000000000000000         1.0000000000000000         1.6146306297117339
70         2.5913287828625560         3.5420948273617947        14.5000000000000000         0.0000000000000000         0.0000000000000000         1.0000000000000000         1.6146306297117339
71         2.5913287828625560         3.5420948273617947        15.0000000000000000         0.0000000000000000         0.0000000000000000         1.0000000000000000         1.6146306297117339
72         2.5913287828625560         3.5420948273617947        15.5000000000000000         0.0000000000000000         0.0000000000000000         1.0000000000000000         1.6146306297117339
73         2.5913287828625560         3.5420948273617947        16.0000000000000000         0.0000000000000000         0.0000000000000000         1.0000000000000000         1.6146306297117339
74         2.5913287828625560         3.5420948273617947        16.5000000000000000         0.0000000000000000         0.0000000000000000         1.0000000000000000         1.6146306297117339
75         2.5913287828625560         3.5420948273617947        17.0000000000000000         0.0000000000000000         0.0000000000000000         1.0000000000000000         1.6146306297117339
76         2.5913287828625560         3.5420948273617947        17.5000000000000000         0.0000000000000000         0.0000000000000000         1.0000000000000000         1.6146306297117339
77         2.5913287828625560         3.5420948273617947        18.0000000000000000         0.0000000000000000         0.0000000000000000         1.0000000000000000         1.6146306297117339
78         2.5913287828625560         3.5420948273617947        18.5000000000000000         0.0000000000000000         0.0000000000000000         1.0000000000000000         1.6146306297117339
79         2.5913287828625560         3.5420948273617947        19.0000000000000000         0.0000000000000000         0.0000000000000000         1.0000000000000000         1.6146306297117339
80         2.5913287828625560         3.5420948273617947        19.5000000000000000         0.0000000000000000         0.0000000000000000         1.0000000000000000         1.6146306297117339
81         2.5913287828625560         3.5420948273617947        20.0000000000000000         0.0000000000000000         0.0000000000000000         1.0000000000000000         1.6146306297117339
Cylinder  3:
Index, Center, Normal, Radius
1        -3.5286058443608983        -1.5247666195877185       -20.0000000000000000         0.0000000000000000         0.0000000000000000         1.0000000000000000         2.0246518753623928
2        -3.5286058443608983        -1.5247666195877185       -19.5000000000000000         0.0000000000000000         0.0000000000000000         1.0000000000000000         2.0246518753623928
3        -3.5286058443608983        -1.5247666195877185       -19.0000000000000000         0.0000000000000000         0.0000000000000000         1.0000000000000000         2.0246518753623928
4        -3.5286058443608983        -1.5247666195877185       -18.5000000000000000         0.0000000000000000         0.0000000000000000         1.0000000000000000         2.0246518753623928
5        -3.5286058443608983        -1.5247666195877185       -18.0000000000000000         0.0000000000000000         0.0000000000000000         1.0000000000000000         2.0246518753623928
6        -3.5286058443608983        -1.5247666195877185       -17.5000000000000000         0.0000000000000000         0.0000000000000000         1.0000000000000000         2.0246518753623928
7        -3.5286058443608983        -1.5247666195877185       -17.0000000000000000         0.0000000000000000         0.0000000000000000         1.0000000000000000         2.0246518753623928
8        -3.5286058443608983        -1.5247666195877185       -16.5000000000000000         0.0000000000000000         0.0000000000000000         1.0000000000000000         2.0246518753623928
9        -3.5286058443608983        -1.5247666195877185       -16.0000000000000000         0.0000000000000000         0.0000000000000000         1.0000000000000000         2.0246518753623928
10        -3.5286058443608983        -1.5247666195877185       -15.5000000000000000         0.0000000000000000         0.0000000000000000         1.0000000000000000         2.0246518753623928
11        -3.5286058443608983        -1.5247666195877185       -15.0000000000000000         0.0000000000000000         0.0000000000000000         1.0000000000000000         2.0246518753623928
12        -3.5286058443608983        -1.5247666195877185       -14.5000000000000000         0.0000000000000000         0.0000000000000000         1.0000000000000000         2.0246518753623928
13        -3.5286058443608983        -1.5247666195877185       -14.0000000000000000         0.0000000000000000         0.0000000000000000         1.0000000000000000         2.0246518753623928
14        -3.5286058443608983        -1.5247666195877185       -13.5000000000000000         0.0000000000000000         0.0000000000000000         1.0000000000000000         2.0246518753623928
15        -3.5286058443608983        -1.5247666195877185       -13.0000000000000000         0.0000000000000000         0.0000000000000000         1.0000000000000000         2.0246518753623928
16        -3.5286058443608983        -1.5247666195877185       -12.5000000000000000         0.0000000000000000         0.0000000000000000         1.0000000000000000         2.0246518753623928
17        -3.5286058443608983        -1.5247666195877185       -12.0000000000000000         0.0000000000000000         0.0000000000000000         1.0000000000000000         2.0246518753623928
18        -3.5286058443608983        -1.5247666195877185       -11.5000000000000000         0.0000000000000000         0.0000000000000000         1.0000000000000000         2.0246518753623928
19        -3.5286058443608983        -1.5247666195877185       -11.0000000000000000         0.0000000000000000         0.0000000000000000         1.0000000000000000         2.0246518753623928
20        -3.5286058443608983        -1.5247666195877185       -10.5000000000000000         0.0000000000000000         0.0000000000000000         1.0000000000000000         2.0246518753623928
21        -3.5286058443608983        -1.5247666195877185       -10.0000000000000000         0.0000000000000000         0.0000000000000000         1.0000000000000000         2.0246518753623928
22        -3.5286058443608983        -1.5247666195877185        -9.5000000000000000         0.0000000000000000         0.0000000000000000         1.0000000000000000         2.0246518753623928
23        -3.5286058443608983        -1.5247666195877185        -9.0000000000000000         0.0000000000000000         0.0000000000000000         1.0000000000000000         2.0246518753623928
24        -3.5286058443608983        -1.5247666195877185        -8.5000000000000000         0.0000000000000000         0.0000000000000000         1.0000000000000000         2.0246518753623928
25        -3.5286058443608983        -1.5247666195877185        -8.0000000000000000         0.0000000000000000         0.0000000000000000         1.0000000000000000         2.0246518753623928
26        -3.5286058443608983        -1.5247666195877185        -7.5000000000000000         0.0000000000000000         0.0000000000000000         1.0000000000000000         2.0246518753623928
27        -3.5286058443608983        -1.5247666195877185        -7.0000000000000000         0.0000000000000000         0.0000000000000000         1.0000000000000000         2.0246518753623928
28        -3.5286058443608983        -1.5247666195877185        -6.5000000000000000         0.0000000000000000         0.0000000000000000         1.0000000000000000         2.0246518753623928
29        -3.5286058443608983        -1.5247666195877185        -6.0000000000000000         0.0000000000000000         0.0000000000000000         1.0000000000000000         2.0246518753623928
30        -3.5286058443608983        -1.5247666195877185        -5.5000000000000000         0.0000000000000000         0.0000000000000000         1.0000000000000000         2.0246518753623928
31        -3.5286058443608983        -1.5247666195877185        -5.0000000000000000         0.0000000000000000         0.0000000000000000         1.0000000000000000         2.0246518753623928
32        -3.5286058443608983        -1.5247666195877185        -4.5000000000000000         0.0000000000000000         0.0000000000000000         1.0000000000000000         2.0246518753623928
33        -3.5286058443608983        -1.5247666195877185        -4.0000000000000000         0.0000000000000000         0.0000000000000000         1.0000000000000000         2.0246518753623928
34        -3.5286058443608983        -1.5247666195877185        -3.5000000000000000         0.0000000000000000         0.0000000000000000         1.0000000000000000         2.0246518753623928
35        -3.5286058443608983        -1.5247666195877185        -3.0000000000000000         0.0000000000000000         0.0000000000000000         1.0000000000000000         2.0246518753623928
36        -3.5286058443608983        -1.5247666195877185        -2.5000000000000000         0.0000000000000000         0.0000000000000000         1.0000000000000000         2.0246518753623928
37        -3.5286058443608983        -1.5247666195877185        -2.0000000000000000         0.0000000000000000         0.0000000000000000         1.0000000000000000         2.0246518753623928
38        -3.5286058443608983        -1.5247666195877185        -1.5000000000000000         0.0000000000000000         0.0000000000000000         1.0000000000000000         2.0246518753623928
39        -3.5286058443608983        -1.5247666195877185        -1.0000000000000000         0.0000000000000000         0.0000000000000000         1.0000000000000000         2.0246518753623928
40        -3.5286058443608983        -1.5247666195877185        -0.5000000000000000         0.0000000000000000         0.0000000000000000         1.0000000000000000         2.0246518753623928
41        -3.5286058443608983        -1.5247666195877185         0.0000000000000000         0.0000000000000000         0.0000000000000000         1.0000000000000000         2.0246518753623928
42        -3.5286058443608983        -1.5247666195877185         0.5000000000000000         0.0000000000000000         0.0000000000000000         1.0000000000000000         2.0246518753623928
43        -3.5286058443608983        -1.5247666195877185         1.0000000000000000         0.0000000000000000         0.0000000000000000         1.0000000000000000         2.0246518753623928
44        -3.5286058443608983        -1.5247666195877185         1.5000000000000000         0.0000000000000000         0.0000000000000000         1.0000000000000000         2.0246518753623928
45        -3.5286058443608983        -1.5247666195877185         2.0000000000000000         0.0000000000000000         0.0000000000000000         1.0000000000000000         2.0246518753623928
46        -3.5286058443608983        -1.5247666195877185         2.5000000000000000         0.0000000000000000         0.0000000000000000         1.0000000000000000         2.0246518753623928
47        -3.5286058443608983        -1.5247666195877185         3.0000000000000000         0.0000000000000000         0.0000000000000000         1.0000000000000000         2.0246518753623928
48        -3.5286058443608983        -1.5247666195877185         3.5000000000000000         0.0000000000000000         0.0000000000000000         1.0000000000000000         2.0246518753623928
49        -3.5286058443608983        -1.5247666195877185         4.0000000000000000         0.0000000000000000         0.0000000000000000         1.0000000000000000         2.0246518753623928
50        -3.5286058443608983        -1.5247666195877185         4.5000000000000000         0.0000000000000000         0.0000000000000000         1.0000000000000000         2.0246518753623928
51        -3.5286058443608983        -1.5247666195877185         5.0000000000000000         0.0000000000000000         0.0000000000000000         1.0000000000000000         2.0246518753623928
52        -3.5286058443608983        -1.5247666195877185         5.5000000000000000         0.0000000000000000         0.0000000000000000         1.0000000000000000         2.0246518753623928
53        -3.5286058443608983        -1.5247666195877185         6.0000000000000000         0.0000000000000000         0.0000000000000000         1.0000000000000000         2.0246518753623928
54        -3.5286058443608983        -1.5247666195877185         6.5000000000000000         0.0000000000000000         0.0000000000000000         1.0000000000000000         2.0246518753623928
55        -3.5286058443608983        -1.5247666195877185         7.0000000000000000         0.0000000000000000         0.0000000000000000         1.0000000000000000         2.0246518753623928
56        -3.5286058443608983        -1.5247666195877185         7.5000000000000000         0.0000000000000000         0.0000000000000000         1.0000000000000000         2.0246518753623928
57        -3.5286058443608983        -1.5247666195877185         8.0000000000000000         0.0000000000000000         0.0000000000000000         1.0000000000000000         2.0246518753623928
58        -3.5286058443608983        -1.5247666195877185         8.5000000000000000         0.0000000000000000         0.0000000000000000         1.0000000000000000         2.0246518753623928
59        -3.5286058443608983        -1.5247666195877185         9.0000000000000000         0.0000000000000000         0.0000000000000000         1.0000000000000000         2.0246518753623928
60        -3.5286058443608983        -1.5247666195877185         9.5000000000000000         0.0000000000000000         0.0000000000000000         1.0000000000000000         2.0246518753623928
61        -3.5286058443608983        -1.5247666195877185        10.0000000000000000         0.0000000000000000         0.0000000000000000         1.0000000000000000         2.0246518753623928
62        -3.5286058443608983        -1.5247666195877185        10.5000000000000000         0.0000000000000000         0.0000000000000000         1.0000000000000000         2.0246518753623928
63        -3.5286058443608983        -1.5247666195877185        11.0000000000000000         0.0000000000000000         0.0000000000000000         1.0000000000000000         2.0246518753623928
64        -3.5286058443608983        -1.5247666195877185        11.5000000000000000         0.0000000000000000         0.0000000000000000         1.0000000000000000         2.0246518753623928
65        -3.5286058443608983        -1.5247666195877185        12.0000000000000000         0.0000000000000000         0.0000000000000000         1.0000000000000000         2.0246518753623928
66        -3.5286058443608983        -1.5247666195877185        12.5000000000000000         0.0000000000000000         0.0000000000000000         1.0000000000000000         2.0246518753623928
67        -3.5286058443608983        -1.5247666195877185        13.0000000000000000         0.0000000000000000         0.0000000000000000         1.0000000000000000         2.0246518753623928
68        -3.5286058443608983        -1.5247666195877185        13.5000000000000000         0.0000000000000000         0.0000000000000000         1.0000000000000000         2.0246518753623928
69        -3.5286058443608983        -1.5247666195877185        14.0000000000000000         0.0000000000000000         0.0000000000000000         1.0000000000000000         2.0246518753623928
70        -3.5286058443608983        -1.5247666195877185        14.5000000000000000         0.0000000000000000         0.0000000000000000         1.0000000000000000         2.0246518753623928
71        -3.5286058443608983        -1.5247666195877185        15.0000000000000000         0.0000000000000000         0.0000000000000000         1.0000000000000000         2.0246518753623928
72        -3.5286058443608983        -1.5247666195877185        15.5000000000000000         0.0000000000000000         0.0000000000000000         1.0000000000000000         2.0246518753623928
73        -3.5286058443608983        -1.5247666195877185        16.0000000000000000         0.0000000000000000         0.0000000000000000         1.0000000000000000         2.0246518753623928
74        -3.5286058443608983        -1.5247666195877185        16.5000000000000000         0.0000000000000000         0.0000000000000000         1.0000000000000000         2.0246518753623928
75        -3.5286058443608983        -1.5247666195877185        17.0000000000000000         0.0000000000000000         0.0000000000000000         1.0000000000000000         2.0246518753623928
76        -3.5286058443608983        -1.5247666195877185        17.5000000000000000         0.0000000000000000         0.0000000000000000         1.0000000000000000         2.0246518753623928
77        -3.5286058443608983        -1.5247666195877185        18.0000000000000000         0.0000000000000000         0.0000000000000000         1.0000000000000000         2.0246518753623928
78        -3.5286058443608983        -1.5247666195877185        18.5000000000000000         0.0000000000000000         0.0000000000000000         1.0000000000000000         2.0246518753623928
79        -3.5286058443608983        -1.5247666195877185        19.0000000000000000         0.0000000000000000         0.0000000000000000         1.0000000000000000         2.0246518753623928
80        -3.5286058443608983        -1.5247666195877185        19.5000000000000000         0.0000000000000000         0.0000000000000000         1.0000000000000000         2.0246518753623928
81        -3.5286058443608983        -1.5247666195877185        20.0000000000000000         0.0000000000000000         0.0000000000000000         1.0000000000000000         2.0246518753623928
Cylinder  4:
Index, Center, Normal, Radius
1         3.1849712472442580        -2.7884389845944924       -20.0000000000000000         0.0000000000000000         0.0000000000000000         1.0000000000000000         2.3682864724790353
2         3.1849712472442580        -2.7884389845944924       -19.5000000000000000         0.0000000000000000         0.0000000000000000         1.0000000000000000         2.3682864724790353
3         3.1849712472442580        -2.7884389845944924       -19.0000000000000000         0.0000000000000000         0.0000000000000000         1.0000000000000000         2.3682864724790353
4         3.1849712472442580        -2.7884389845944924       -18.5000000000000000         0.0000000000000000         0.0000000000000000         1.0000000000000000         2.3682864724790353
5         3.1849712472442580        -2.7884389845944924       -18.0000000000000000         0.0000000000000000         0.0000000000000000         1.0000000000000000         2.3682864724790353
6         3.1849712472442580        -2.7884389845944924       -17.5000000000000000         0.0000000000000000         0.0000000000000000         1.0000000000000000         2.3682864724790353
7         3.1849712472442580        -2.7884389845944924       -17.0000000000000000         0.0000000000000000         0.0000000000000000         1.0000000000000000         2.3682864724790353
8         3.1849712472442580        -2.7884389845944924       -16.5000000000000000         0.0000000000000000         0.0000000000000000         1.0000000000000000         2.3682864724790353
9         3.1849712472442580        -2.7884389845944924       -16.0000000000000000         0.0000000000000000         0.0000000000000000         1.0000000000000000         2.3682864724790353
10         3.1849712472442580        -2.7884389845944924       -15.5000000000000000         0.0000000000000000         0.0000000000000000         1.0000000000000000         2.3682864724790353
11         3.1849712472442580        -2.7884389845944924       -15.0000000000000000         0.0000000000000000         0.0000000000000000         1.0000000000000000         2.3682864724790353
12         3.1849712472442580        -2.7884389845944924       -14.5000000000000000         0.0000000000000000         0.0000000000000000         1.0000000000000000         2.3682864724790353
13         3.1849712472442580        -2.7884389845944924       -14.0000000000000000         0.0000000000000000         0.0000000000000000         1.0000000000000000         2.3682864724790353
14         3.1849712472442580        -2.7884389845944924       -13.5000000000000000         0.0000000000000000         0.0000000000000000         1.0000000000000000         2.3682864724790353
15         3.1849712472442580        -2.7884389845944924       -13.0000000000000000         0.0000000000000000         0.0000000000000000         1.0000000000000000         2.3682864724790353
16         3.1849712472442580        -2.7884389845944924       -12.5000000000000000         0.0000000000000000         0.0000000000000000         1.0000000000000000         2.3682864724790353
17         3.1849712472442580        -2.7884389845944924       -12.0000000000000000         0.0000000000000000         0.0000000000000000         1.0000000000000000         2.3682864724790353
18         3.1849712472442580        -2.7884389845944924       -11.5000000000000000         0.0000000000000000         0.0000000000000000         1.0000000000000000         2.3682864724790353
19         3.1849712472442580        -2.7884389845944924       -11.0000000000000000         0.0000000000000000         0.0000000000000000         1.0000000000000000         2.3682864724790353
20         3.1849712472442580        -2.7884389845944924       -10.5000000000000000         0.0000000000000000         0.0000000000000000         1.0000000000000000         2.3682864724790353
21         3.1849712472442580        -2.7884389845944924       -10.0000000000000000         0.0000000000000000         0.0000000000000000         1.0000000000000000         2.3682864724790353
22         3.1849712472442580        -2.7884389845944924        -9.5000000000000000         0.0000000000000000         0.0000000000000000         1.0000000000000000         2.3682864724790353
23         3.1849712472442580        -2.7884389845944924        -9.0000000000000000         0.0000000000000000         0.0000000000000000         1.0000000000000000         2.3682864724790353
24         3.1849712472442580        -2.7884389845944924        -8.5000000000000000         0.0000000000000000         0.0000000000000000         1.0000000000000000         2.3682864724790353
25         3.1849712472442580        -2.7884389845944924        -8.0000000000000000         0.0000000000000000         0.0000000000000000         1.0000000000000000         2.3682864724790353
26         3.1849712472442580        -2.7884389845944924        -7.5000000000000000         0.0000000000000000         0.0000000000000000         1.0000000000000000         2.3682864724790353
27         3.1849712472442580        -2.7884389845944924        -7.0000000000000000         0.0000000000000000         0.0000000000000000         1.0000000000000000         2.3682864724790353
28         3.1849712472442580        -2.7884389845944924        -6.5000000000000000         0.0000000000000000         0.0000000000000000         1.0000000000000000         2.3682864724790353
29         3.1849712472442580        -2.7884389845944924        -6.0000000000000000         0.0000000000000000         0.0000000000000000         1.0000000000000000         2.3682864724790353
30         3.1849712472442580        -2.7884389845944924        -5.5000000000000000         0.0000000000000000         0.0000000000000000         1.0000000000000000         2.3682864724790353
31         3.1849712472442580        -2.7884389845944924        -5.0000000000000000         0.0000000000000000         0.0000000000000000         1.0000000000000000         2.3682864724790353
32         3.1849712472442580        -2.7884389845944924        -4.5000000000000000         0.0000000000000000         0.0000000000000000         1.0000000000000000         2.3682864724790353
33         3.1849712472442580        -2.7884389845944924        -4.0000000000000000         0.0000000000000000         0.0000000000000000         1.0000000000000000         2.3682864724790353
34         3.1849712472442580        -2.7884389845944924        -3.5000000000000000         0.0000000000000000         0.0000000000000000         1.0000000000000000         2.3682864724790353
35         3.1849712472442580        -2.7884389845944924        -3.0000000000000000         0.0000000000000000         0.0000000000000000         1.0000000000000000         2.3682864724790353
36         3.1849712472442580        -2.7884389845944924        -2.5000000000000000         0.0000000000000000         0.0000000000000000         1.0000000000000000         2.3682864724790353
37         3.1849712472442580        -2.7884389845944924        -2.0000000000000000         0.0000000000000000         0.0000000000000000         1.0000000000000000         2.3682864724790353
38         3.1849712472442580        -2.7884389845944924        -1.5000000000000000         0.0000000000000000         0.0000000000000000         1.0000000000000000         2.3682864724790353
39         3.1849712472442580        -2.7884389845944924        -1.0000000000000000         0.0000000000000000         0.0000000000000000         1.0000000000000000         2.3682864724790353
40         3.1849712472442580        -2.7884389845944924        -0.5000000000000000         0.0000000000000000         0.0000000000000000         1.0000000000000000         2.3682864724790353
41         3.1849712472442580        -2.7884389845944924         0.0000000000000000         0.0000000000000000         0.0000000000000000         1.0000000000000000         2.3682864724790353
42         3.1849712472442580        -2.7884389845944924         0.5000000000000000         0.0000000000000000         0.0000000000000000         1.0000000000000000         2.3682864724790353
43         3.1849712472442580        -2.7884389845944924         1.0000000000000000         0.0000000000000000         0.0000000000000000         1.0000000000000000         2.3682864724790353
44         3.1849712472442580        -2.7884389845944924         1.5000000000000000         0.0000000000000000         0.0000000000000000         1.0000000000000000         2.3682864724790353
45         3.1849712472442580        -2.7884389845944924         2.0000000000000000         0.0000000000000000         0.0000000000000000         1.0000000000000000         2.3682864724790353
46         3.1849712472442580        -2.7884389845944924         2.5000000000000000         0.0000000000000000         0.0000000000000000         1.0000000000000000         2.3682864724790353
47         3.1849712472442580        -2.7884389845944924         3.0000000000000000         0.0000000000000000         0.0000000000000000         1.0000000000000000         2.3682864724790353
48         3.1849712472442580        -2.7884389845944924         3.5000000000000000         0.0000000000000000         0.0000000000000000         1.0000000000000000         2.3682864724790353
49         3.1849712472442580        -2.7884389845944924         4.0000000000000000         0.0000000000000000         0.0000000000000000         1.0000000000000000         2.3682864724790353
50         3.1849712472442580        -2.7884389845944924         4.5000000000000000         0.0000000000000000         0.0000000000000000         1.0000000000000000         2.3682864724790353
51         3.1849712472442580        -2.7884389845944924         5.0000000000000000         0.0000000000000000         0.0000000000000000         1.0000000000000000         2.3682864724790353
52         3.1849712472442580        -2.7884389845944924         5.5000000000000000         0.0000000000000000         0.0000000000000000         1.0000000000000000         2.3682864724790353
53         3.1849712472442580        -2.7884389845944924         6.0000000000000000         0.0000000000000000         0.0000000000000000         1.0000000000000000         2.3682864724790353
54         3.1849712472442580        -2.7884389845944924         6.5000000000000000         0.0000000000000000         0.0000000000000000         1.0000000000000000         2.3682864724790353
55         3.1849712472442580        -2.7884389845944924         7.0000000000000000         0.0000000000000000         0.0000000000000000         1.0000000000000000         2.3682864724790353
56         3.1849712472442580        -2.7884389845944924         7.5000000000000000         0.0000000000000000         0.0000000000000000         1.0000000000000000         2.3682864724790353
57         3.1849712472442580        -2.7884389845944924         8.0000000000000000         0.0000000000000000         0.0000000000000000         1.0000000000000000         2.3682864724790353
58         3.1849712472442580        -2.7884389845944924         8.5000000000000000         0.0000000000000000         0.0000000000000000         1.0000000000000000         2.3682864724790353
59         3.1849712472442580        -2.7884389845944924         9.0000000000000000         0.0000000000000000         0.0000000000000000         1.0000000000000000         2.3682864724790353
60         3.1849712472442580        -2.7884389845944924         9.5000000000000000         0.0000000000000000         0.0000000000000000         1.0000000000000000         2.3682864724790353
61         3.1849712472442580        -2.7884389845944924        10.0000000000000000         0.0000000000000000         0.0000000000000000         1.0000000000000000         2.3682864724790353
62         3.1849712472442580        -2.7884389845944924        10.5000000000000000         0.0000000000000000         0.0000000000000000         1.0000000000000000         2.3682864724790353
63         3.1849712472442580        -2.7884389845944924        11.0000000000000000         0.0000000000000000         0.0000000000000000         1.0000000000000000         2.3682864724790353
64         3.1849712472442580        -2.7884389845944924        11.5000000000000000         0.0000000000000000         0.0000000000000000         1.0000000000000000         2.3682864724790353
65         3.1849712472442580        -2.7884389845944924        12.0000000000000000         0.0000000000000000         0.0000000000000000         1.0000000000000000         2.3682864724790353
66         3.1849712472442580        -2.7884389845944924        12.5000000000000000         0.0000000000000000         0.0000000000000000         1.0000000000000000         2.3682864724790353
67         3.1849712472442580        -2.7884389845944924        13.0000000000000000         0.0000000000000000         0.0000000000000000         1.0000000000000000         2.3682864724790353
68         3.1849712472442580        -2.7884389845944924        13.5000000000000000         0.0000000000000000         0.0000000000000000         1.0000000000000000         2.3682864724790353
69         3.1849712472442580        -2.7884389845944924        14.0000000000000000         0.0000000000000000         0.0000000000000000         1.0000000000000000         2.3682864724790353
70         3.1849712472442580        -2.7884389845944924        14.5000000000000000         0.0000000000000000         0.0000000000000000         1.0000000000000000         2.3682864724790353
71         3.1849712472442580        -2.7884389845944924        15.0000000000000000         0.0000000000000000         0.0000000000000000         1.0000000000000000         2.3682864724790353
72         3.1849712472442580        -2.7884389845944924        15.5000000000000000         0.0000000000000000         0.0000000000000000         1.0000000000000000         2.3682864724790353
73         3.1849712472442580        -2.7884389845944924        16.0000000000000000         0.0000000000000000         0.0000000000000000         1.0000000000000000         2.3682864724790353
74         3.1849712472442580        -2.7884389845944924        16.5000000000000000         0.0000000000000000         0.0000000000000000         1.0000000000000000         2.3682864724790353
75         3.1849712472442580        -2.7884389845944924        17.0000000000000000         0.0000000000000000         0.0000000000000000         1.0000000000000000         2.3682864724790353
76         3.1849712472442580        -2.7884389845944924        17.5000000000000000         0.0000000000000000         0.0000000000000000         1.0000000000000000         2.3682864724790353
77         3.1849712472442580        -2.7884389845944924        18.0000000000000000         0.0000000000000000         0.0000000000000000         1.0000000000000000         2.3682864724790353
78         3.1849712472442580        -2.7884389845944924        18.5000000000000000         0.0000000000000000         0.0000000000000000         1.0000000000000000         2.3682864724790353
79         3.1849712472442580        -2.7884389845944924        19.0000000000000000         0.0000000000000000         0.0000000000000000         1.0000000000000000         2.3682864724790353
80         3.1849712472442580        -2.7884389845944924        19.5000000000000000         0.0000000000000000         0.0000000000000000         1.0000000000000000         2.3682864724790353
81         3.1849712472442580        -2.7884389845944924        20.0000000000000000         0.0000000000000000         0.0000000000000000         1.0000000000000000         2.3682864724790353
