Total number of cylinders: 
2
Number of slices in each cylinder: 
50 50 
Cylinder  1:
Index, Center, Normal, Radius
1         2.9739450489178894         7.1444321652481317         0.0000000000000000         0.0000000000000000         0.0000000000000000         1.0000000000000000         4.0000000000000000
2         3.5010305488951343         6.9650224542052142         1.0000000000000000         0.0000000000000000         0.0000000000000000         1.0000000000000000         4.0000000000000000
3         3.1842453616421009         7.1479868508793434         2.0000000000000000         0.0000000000000000         0.0000000000000000         1.0000000000000000         4.0000000000000000
4         2.9587184235848798         6.8923851620064340         3.0000000000000000         0.0000000000000000         0.0000000000000000         1.0000000000000000         4.0000000000000000
5         3.7215645163249333         6.9283720186868445         4.0000000000000000         0.0000000000000000         0.0000000000000000         1.0000000000000000         4.0000000000000000
6         2.9577895685652504         6.7293933577253977         5.0000000000000000         0.0000000000000000         0.0000000000000000         1.0000000000000000         4.0000000000000000
7         3.5423171992863476         7.2054224835250205         6.0000000000000000         0.0000000000000000         0.0000000000000000         1.0000000000000000         4.0000000000000000
8         3.2732495369486250         6.6313089546942150         7.0000000000000000         0.0000000000000000         0.0000000000000000         1.0000000000000000         4.0000000000000000
9         3.4763107661667840         6.5898105738368429         8.0000000000000000         0.0000000000000000         0.0000000000000000         1.0000000000000000         4.0000000000000000
10         3.0928139624455366         6.6476327196627913         9.0000000000000000         0.0000000000000000         0.0000000000000000         1.0000000000000000         4.0000000000000000
11         3.4697757190761109         6.9984607399915930        10.0000000000000000         0.0000000000000000         0.0000000000000000         1.0000000000000000         4.0000000000000000
12         3.5450188086698331         7.1940368203909868        11.0000000000000000         0.0000000000000000         0.0000000000000000         1.0000000000000000         4.0000000000000000
13         2.9659867590132634         6.9729779416415614        12.0000000000000000         0.0000000000000000         0.0000000000000000         1.0000000000000000         4.0000000000000000
14         3.6099309528411667         6.9893754997848774        13.0000000000000000         0.0000000000000000         0.0000000000000000         1.0000000000000000         4.0000000000000000
15         3.7082313378023910         6.6851525838196917        14.0000000000000000         0.0000000000000000         0.0000000000000000         1.0000000000000000         4.0000000000000000
16         2.9896413850851311         7.1218395108405490        15.0000000000000000         0.0000000000000000         0.0000000000000000         1.0000000000000000         4.0000000000000000
17         3.6669827285160164         7.0214465754253981        16.0000000000000000         0.0000000000000000         0.0000000000000000         1.0000000000000000         4.0000000000000000
18         3.3287029667015533         6.8204356684374563        17.0000000000000000         0.0000000000000000         0.0000000000000000         1.0000000000000000         4.0000000000000000
19         3.4642817006996856         7.1702761938628363        18.0000000000000000         0.0000000000000000         0.0000000000000000         1.0000000000000000         4.0000000000000000
20         3.2232518629410238         7.1546783710073596        19.0000000000000000         0.0000000000000000         0.0000000000000000         1.0000000000000000         4.0000000000000000
21         3.0920370410554887         7.1536574237044421        20.0000000000000000         0.0000000000000000         0.0000000000000000         1.0000000000000000         4.0000000000000000
22         3.7145641008590817         7.1294461963207825        21.0000000000000000         0.0000000000000000         0.0000000000000000         1.0000000000000000         4.0000000000000000
23         3.4346805903164617         6.8440416102632824        22.0000000000000000         0.0000000000000000         0.0000000000000000         1.0000000000000000         4.0000000000000000
24         3.0570580414103792         7.0982506779103636        23.0000000000000000         0.0000000000000000         0.0000000000000000         1.0000000000000000         4.0000000000000000
25         3.4233274196024892         6.6845948319716406        24.0000000000000000         0.0000000000000000         0.0000000000000000         1.0000000000000000         4.0000000000000000
26         3.3925269391202408         6.8440519299413900        25.0000000000000000         0.0000000000000000         0.0000000000000000         1.0000000000000000         4.0000000000000000
27         3.6301754812110674         7.0602964744928061        26.0000000000000000         0.0000000000000000         0.0000000000000000         1.0000000000000000         4.0000000000000000
28         3.2225268401639870         7.0422332000596661        27.0000000000000000         0.0000000000000000         0.0000000000000000         1.0000000000000000         4.0000000000000000
29         3.7319540509544655         6.6638178607719931        28.0000000000000000         0.0000000000000000         0.0000000000000000         1.0000000000000000         4.0000000000000000
30         3.7283199009326164         7.3671692170365226        29.0000000000000000         0.0000000000000000         0.0000000000000000         1.0000000000000000         4.0000000000000000
31         3.0437445433813082         7.1671472348690788        30.0000000000000000         0.0000000000000000         0.0000000000000000         1.0000000000000000         4.0000000000000000
32         3.6213163590358350         7.3323673110288228        31.0000000000000000         0.0000000000000000         0.0000000000000000         1.0000000000000000         4.0000000000000000
33         3.3747656005680646         7.0053740764512566        32.0000000000000000         0.0000000000000000         0.0000000000000000         1.0000000000000000         4.0000000000000000
34         3.5149398376530652         6.5918423984687680        33.0000000000000000         0.0000000000000000         0.0000000000000000         1.0000000000000000         4.0000000000000000
35         2.9782290957902453         7.3671770495809579        34.0000000000000000         0.0000000000000000         0.0000000000000000         1.0000000000000000         4.0000000000000000
36         3.4978349672627393         7.2688928058918414        35.0000000000000000         0.0000000000000000         0.0000000000000000         1.0000000000000000         4.0000000000000000
37         3.5159054912120151         6.6956269635561778        36.0000000000000000         0.0000000000000000         0.0000000000000000         1.0000000000000000         4.0000000000000000
38         3.2409162675532541         7.2440813382401625        37.0000000000000000         0.0000000000000000         0.0000000000000000         1.0000000000000000         4.0000000000000000
39         3.2914013584336805         6.9544130408265792        38.0000000000000000         0.0000000000000000         0.0000000000000000         1.0000000000000000         4.0000000000000000
40         3.6993621778967443         6.9479967102463425        39.0000000000000000         0.0000000000000000         0.0000000000000000         1.0000000000000000         4.0000000000000000
41         3.2589651993112940         6.9778483539579890        40.0000000000000000         0.0000000000000000         0.0000000000000000         1.0000000000000000         4.0000000000000000
42         3.4041032763614996         6.9804847791781448        41.0000000000000000         0.0000000000000000         0.0000000000000000         1.0000000000000000         4.0000000000000000
43         3.6108516850045391         6.8029248201235779        42.0000000000000000         0.0000000000000000         0.0000000000000000         1.0000000000000000         4.0000000000000000
44         3.6278730255089888         7.1028131793822435        43.0000000000000000         0.0000000000000000         0.0000000000000000         1.0000000000000000         4.0000000000000000
45         3.1004894599241033         6.6022057248083756        44.0000000000000000         0.0000000000000000         0.0000000000000000         1.0000000000000000         4.0000000000000000
46         3.7314921240521675         7.1356307789356093        45.0000000000000000         0.0000000000000000         0.0000000000000000         1.0000000000000000         4.0000000000000000
47         2.9367368884379581         7.1646145602878795        46.0000000000000000         0.0000000000000000         0.0000000000000000         1.0000000000000000         4.0000000000000000
48         3.5553619279080717         7.2369160956856735        47.0000000000000000         0.0000000000000000         0.0000000000000000         1.0000000000000000         4.0000000000000000
49         3.6129828883319344         7.0098151209921671        48.0000000000000000         0.0000000000000000         0.0000000000000000         1.0000000000000000         4.0000000000000000
50         3.2948501634730887         6.9562430663114743        49.0000000000000000         0.0000000000000000         0.0000000000000000         1.0000000000000000         4.0000000000000000
51         3.4407902051120045         7.0987364734024929        50.0000000000000000         0.0000000000000000         0.0000000000000000         1.0000000000000000         4.0000000000000000
Cylinder  2:
Index, Center, Normal, Radius
1        11.4394973741823893         2.7613991276412904         0.0000000000000000         0.0000000000000000         0.0000000000000000         1.0000000000000000         3.8809547676615965
2        10.9965594199591603         2.4804404720093820         1.0000000000000000         0.0000000000000000         0.0000000000000000         1.0000000000000000         3.8809547676615965
3        11.1373751301493424         3.0873669416048708         2.0000000000000000         0.0000000000000000         0.0000000000000000         1.0000000000000000         3.8809547676615965
4        10.9252772848503437         3.2300982117963657         3.0000000000000000         0.0000000000000000         0.0000000000000000         1.0000000000000000         3.8809547676615965
5        10.9579481137082677         3.1901500559378491         4.0000000000000000         0.0000000000000000         0.0000000000000000         1.0000000000000000         3.8809547676615965
6        10.8074950725904930         2.8677764875710263         5.0000000000000000         0.0000000000000000         0.0000000000000000         1.0000000000000000         3.8809547676615965
7        11.1023607814140242         2.7783628369853060         6.0000000000000000         0.0000000000000000         0.0000000000000000         1.0000000000000000         3.8809547676615965
8        11.5438031027591581         3.2906178746150303         7.0000000000000000         0.0000000000000000         0.0000000000000000         1.0000000000000000         3.8809547676615965
9        11.0801652400162158         3.2499486135721272         8.0000000000000000         0.0000000000000000         0.0000000000000000         1.0000000000000000         3.8809547676615965
10        11.5963242712078500         2.6969030681844313         9.0000000000000000         0.0000000000000000         0.0000000000000000         1.0000000000000000         3.8809547676615965
11        10.7944405968942920         2.8527746183267291        10.0000000000000000         0.0000000000000000         0.0000000000000000         1.0000000000000000         3.8809547676615965
12        11.4300471871613993         3.0330787952242764        11.0000000000000000         0.0000000000000000         0.0000000000000000         1.0000000000000000         3.8809547676615965
13        11.1183973830090963         2.6717558202024891        12.0000000000000000         0.0000000000000000         0.0000000000000000         1.0000000000000000         3.8809547676615965
14        11.3637519935021505         3.0473197257033653        13.0000000000000000         0.0000000000000000         0.0000000000000000         1.0000000000000000         3.8809547676615965
15        11.3036208689858633         3.0545553699856391        14.0000000000000000         0.0000000000000000         0.0000000000000000         1.0000000000000000         3.8809547676615965
16        11.3294659487464191         2.4952866406903409        15.0000000000000000         0.0000000000000000         0.0000000000000000         1.0000000000000000         3.8809547676615965
17        11.0746369690599060         3.1593916940789093        16.0000000000000000         0.0000000000000000         0.0000000000000000         1.0000000000000000         3.8809547676615965
18        10.9839606294455940         2.4981402038932514        17.0000000000000000         0.0000000000000000         0.0000000000000000         1.0000000000000000         3.8809547676615965
19        11.5631502968779110         3.0030922413895640        18.0000000000000000         0.0000000000000000         0.0000000000000000         1.0000000000000000         3.8809547676615965
20        11.4922485724329242         2.8737792137927589        19.0000000000000000         0.0000000000000000         0.0000000000000000         1.0000000000000000         3.8809547676615965
21        11.5203298966316527         2.5589193349938055        20.0000000000000000         0.0000000000000000         0.0000000000000000         1.0000000000000000         3.8809547676615965
22        11.0802432092983913         2.7435718968659497        21.0000000000000000         0.0000000000000000         0.0000000000000000         1.0000000000000000         3.8809547676615965
23        11.0970866452913253         3.2476865098609657        22.0000000000000000         0.0000000000000000         0.0000000000000000         1.0000000000000000         3.8809547676615965
24        11.1244841842161382         2.5869299187681176        23.0000000000000000         0.0000000000000000         0.0000000000000000         1.0000000000000000         3.8809547676615965
25        10.9592608176896498         3.0345820793697409        24.0000000000000000         0.0000000000000000         0.0000000000000000         1.0000000000000000         3.8809547676615965
26        11.2430215768397428         2.7729811386947834        25.0000000000000000         0.0000000000000000         0.0000000000000000         1.0000000000000000         3.8809547676615965
27        11.2854839065853891         3.0846268499663942        26.0000000000000000         0.0000000000000000         0.0000000000000000         1.0000000000000000         3.8809547676615965
28        11.0926521979962036         2.5959430519911093        27.0000000000000000         0.0000000000000000         0.0000000000000000         1.0000000000000000         3.8809547676615965
29        11.4319296185367882         2.4758667196017372        28.0000000000000000         0.0000000000000000         0.0000000000000000         1.0000000000000000         3.8809547676615965
30        11.4419732287219880         3.1801429058371422        29.0000000000000000         0.0000000000000000         0.0000000000000000         1.0000000000000000         3.8809547676615965
31        11.4890583349301512         2.9591855690248177        30.0000000000000000         0.0000000000000000         0.0000000000000000         1.0000000000000000         3.8809547676615965
32        10.8604303645774021         2.9516630693622905        31.0000000000000000         0.0000000000000000         0.0000000000000000         1.0000000000000000         3.8809547676615965
33        11.2440433155426227         3.2212708669569481        32.0000000000000000         0.0000000000000000         0.0000000000000000         1.0000000000000000         3.8809547676615965
34        11.2595791994136754         2.7838208663677011        33.0000000000000000         0.0000000000000000         0.0000000000000000         1.0000000000000000         3.8809547676615965
35        11.5698328314085046         3.1371557320534866        34.0000000000000000         0.0000000000000000         0.0000000000000000         1.0000000000000000         3.8809547676615965
36        11.1952896245980753         3.2352084608876703        35.0000000000000000         0.0000000000000000         0.0000000000000000         1.0000000000000000         3.8809547676615965
37        10.9739219878802814         2.6308726515725716        36.0000000000000000         0.0000000000000000         0.0000000000000000         1.0000000000000000         3.8809547676615965
38        11.3602273680023078         2.7011750384087394        37.0000000000000000         0.0000000000000000         0.0000000000000000         1.0000000000000000         3.8809547676615965
39        11.1152600036070854         3.2498076975395991        38.0000000000000000         0.0000000000000000         0.0000000000000000         1.0000000000000000         3.8809547676615965
40        11.5127455846253106         3.1455316972496843        39.0000000000000000         0.0000000000000000         0.0000000000000000         1.0000000000000000         3.8809547676615965
41        11.1854977494448296         2.6179172919385816        40.0000000000000000         0.0000000000000000         0.0000000000000000         1.0000000000000000         3.8809547676615965
42        11.3909282718203144         2.6692248501935403        41.0000000000000000         0.0000000000000000         0.0000000000000000         1.0000000000000000         3.8809547676615965
43        10.8577548676611144         2.9520828948527442        42.0000000000000000         0.0000000000000000         0.0000000000000000         1.0000000000000000         3.8809547676615965
44        11.5149024984596888         2.9963815245630352        43.0000000000000000         0.0000000000000000         0.0000000000000000         1.0000000000000000         3.8809547676615965
45        11.2907299207799081         2.8281730326324626        44.0000000000000000         0.0000000000000000         0.0000000000000000         1.0000000000000000         3.8809547676615965
46        10.9523409574235657         2.4850728795642749        45.0000000000000000         0.0000000000000000         0.0000000000000000         1.0000000000000000         3.8809547676615965
47        10.8894356852079000         3.0482446308838647        46.0000000000000000         0.0000000000000000         0.0000000000000000         1.0000000000000000         3.8809547676615965
48        11.0765203844967370         2.8966008241486092        47.0000000000000000         0.0000000000000000         0.0000000000000000         1.0000000000000000         3.8809547676615965
49        11.0947904370881556         2.5787158374143866        48.0000000000000000         0.0000000000000000         0.0000000000000000         1.0000000000000000         3.8809547676615965
50        10.9879806654594283         3.0686105045869567        49.0000000000000000         0.0000000000000000         0.0000000000000000         1.0000000000000000         3.8809547676615965
51        11.4484019195193323         2.7642570855985444        50.0000000000000000         0.0000000000000000         0.0000000000000000         1.0000000000000000         3.8809547676615965
